Frame 0: 4 detections
207, 976,126,274,501
207, 966,0,313,577
61, 138,329,199,282
217, 1015,121,158,531
Frame 1: 3 detections
207, 975,127,277,501
207, 960,0,319,575
61, 138,329,198,281
Frame 2: 3 detections
207, 962,127,304,503
207, 964,0,315,564
61, 138,329,198,282
Frame 3: 3 detections
207, 982,131,290,500
207, 977,0,302,573
61, 137,329,199,284
Frame 4: 3 detections
207, 956,127,319,500
207, 923,0,356,585
61, 137,329,199,284
Frame 5: 3 detections
207, 976,127,300,500
207, 934,0,345,595
61, 137,329,199,284
Frame 6: 3 detections
207, 987,133,286,491
207, 987,0,292,566
61, 137,329,199,285
Frame 7: 2 detections
207, 974,137,271,488
131, 347,152,251,461
Frame 8: 1 detections
61, 137,329,199,285
Frame 9: 2 detections
207, 943,139,265,481
61, 137,329,199,285
Frame 10: 2 detections
207, 872,135,297,489
61, 137,329,199,285
Frame 11: 4 detections
207, 894,139,269,486
207, 781,136,386,492
131, 353,151,237,461
61, 136,329,200,287
Frame 12: 2 detections
207, 914,142,251,474
61, 136,329,200,287
Frame 13: 2 detections
207, 916,140,254,478
61, 137,329,199,285
Frame 14: 3 detections
207, 916,147,242,465
61, 137,329,198,284
207, 934,0,345,663
Frame 15: 3 detections
207, 916,144,242,470
207, 932,0,347,657
61, 137,329,198,284
Frame 16: 2 detections
207, 912,141,255,469
131, 352,156,246,451
Frame 17: 3 detections
207, 908,129,263,481
61, 138,330,197,282
131, 351,155,244,453
Frame 18: 3 detections
207, 912,133,251,477
61, 138,330,197,281
131, 352,154,244,457
Frame 19: 0 detections
Frame 20: 1 detections
131, 344,152,252,460
Frame 21: 1 detections
131, 348,151,254,462
Frame 22: 1 detections
131, 347,161,240,450
Frame 23: 1 detections
131, 347,149,249,463
Frame 24: 1 detections
131, 348,148,251,459
Frame 25: 1 detections
131, 349,154,259,456
Frame 26: 2 detections
131, 349,155,251,456
207, 860,105,345,509
Frame 27: 4 detections
207, 841,89,385,522
131, 348,155,252,456
207, 992,0,288,670
207, 1075,0,204,684
Frame 28: 3 detections
207, 900,124,368,492
131, 348,157,254,454
207, 1046,0,233,692
Frame 29: 3 detections
207, 931,123,342,491
207, 1045,0,234,687
131, 350,159,255,452
Frame 30: 3 detections
207, 915,126,359,494
207, 1049,0,230,685
61, 138,330,197,281
Frame 31: 3 detections
207, 812,119,437,497
207, 1022,0,257,685
61, 138,330,197,281
Frame 32: 3 detections
207, 767,127,494,500
207, 1031,0,248,668
61, 138,330,197,281
Frame 33: 2 detections
207, 761,132,488,497
61, 138,330,197,283
Frame 34: 1 detections
61, 137,330,198,282
Frame 35: 0 detections
Frame 36: 1 detections
61, 137,330,198,285
Frame 37: 1 detections
241, 352,161,243,447
Frame 38: 2 detections
61, 138,330,197,281
241, 353,160,234,446
Frame 39: 1 detections
61, 137,330,198,284
Frame 40: 1 detections
241, 355,160,228,443
Frame 41: 1 detections
241, 349,159,232,445
Frame 42: 4 detections
207, 969,155,281,467
207, 1066,0,213,592
61, 138,330,197,281
207, 966,0,313,591
Frame 43: 3 detections
207, 959,159,275,461
207, 1020,0,259,600
61, 137,330,198,281
Frame 44: 1 detections
61, 138,330,197,281
Frame 45: 1 detections
61, 138,330,197,281
Frame 46: 2 detections
191, 868,160,343,466
61, 138,330,197,281
Frame 47: 3 detections
191, 877,171,359,458
207, 907,169,343,457
61, 138,330,197,280
Frame 48: 3 detections
191, 891,166,329,460
207, 902,167,314,442
61, 138,330,197,280
Frame 49: 3 detections
191, 901,165,315,459
207, 908,163,311,454
61, 138,330,197,280
Frame 50: 3 detections
191, 901,165,311,459
207, 908,163,306,455
61, 138,330,197,280
Frame 51: 3 detections
207, 901,161,289,454
207, 966,0,313,613
61, 138,330,197,279
Frame 52: 4 detections
207, 901,160,290,452
207, 982,0,297,648
61, 138,330,197,279
207, 893,0,387,580
Frame 53: 3 detections
207, 904,162,272,453
207, 894,0,386,589
61, 138,330,197,280
Frame 54: 4 detections
207, 903,162,298,463
191, 888,165,312,462
207, 899,0,380,588
61, 138,330,196,279
Frame 55: 4 detections
207, 903,162,297,463
191, 887,165,313,462
207, 900,0,379,587
61, 138,330,197,280
Frame 56: 4 detections
207, 904,159,289,462
191, 893,163,304,461
207, 896,0,383,573
61, 138,330,197,280
Frame 57: 2 detections
207, 905,159,284,449
191, 901,163,291,454
Frame 58: 3 detections
207, 906,159,279,449
191, 902,163,287,454
61, 138,330,197,280
Frame 59: 3 detections
207, 905,159,289,451
191, 901,163,295,456
61, 138,330,197,280
Frame 60: 2 detections
207, 905,158,279,449
61, 138,330,197,280
Frame 61: 2 detections
207, 905,158,276,448
61, 138,330,197,280
Frame 62: 3 detections
207, 903,157,273,459
191, 901,156,275,458
61, 138,330,197,280
Frame 63: 4 detections
207, 900,159,271,460
191, 895,156,272,461
241, 334,159,250,451
61, 138,330,197,280
Frame 64: 3 detections
207, 899,159,271,459
191, 894,157,272,460
61, 138,330,197,279
Frame 65: 3 detections
191, 880,154,292,465
207, 891,161,282,454
61, 138,330,197,280
Frame 66: 3 detections
191, 899,157,267,460
207, 902,159,267,458
61, 138,330,198,280
Frame 67: 3 detections
191, 898,156,267,462
207, 901,159,268,459
61, 138,330,198,280
Frame 68: 3 detections
191, 893,162,277,460
207, 901,159,270,457
207, 899,0,380,582
Frame 69: 3 detections
191, 888,155,291,464
207, 898,157,281,463
207, 900,0,379,591
Frame 70: 3 detections
207, 899,158,279,461
191, 891,156,286,463
207, 898,0,381,591
Frame 71: 3 detections
207, 895,157,283,461
191, 880,155,297,462
207, 902,0,377,586
Frame 72: 4 detections
207, 896,158,279,462
191, 873,161,306,464
55, 113,329,129,283
241, 352,160,237,449
Frame 73: 4 detections
207, 897,159,277,461
191, 876,162,302,463
241, 351,160,238,449
55, 114,329,128,283
Frame 74: 3 detections
207, 894,159,278,465
191, 874,157,296,466
207, 921,0,358,645
Frame 75: 2 detections
207, 877,156,297,469
191, 848,156,325,467
Frame 76: 2 detections
207, 875,156,300,470
191, 845,156,329,467
Frame 77: 2 detections
207, 884,155,294,469
191, 861,155,317,466
Frame 78: 2 detections
207, 886,157,284,468
191, 864,156,303,466
Frame 79: 2 detections
207, 884,157,287,468
191, 860,157,308,465
Frame 80: 2 detections
207, 884,158,289,470
191, 858,158,315,466
Frame 81: 3 detections
207, 881,158,299,470
207, 891,0,388,593
191, 851,158,329,466
Frame 82: 3 detections
207, 874,157,306,472
207, 889,0,390,594
191, 841,158,339,466
Frame 83: 2 detections
207, 865,156,316,474
191, 828,157,351,468
Frame 84: 1 detections
191, 819,156,361,467
Frame 85: 2 detections
191, 833,158,345,465
207, 872,156,310,471
Frame 86: 1 detections
207, 883,157,293,466
Frame 87: 0 detections
Frame 88: 0 detections
Frame 89: 1 detections
207, 893,157,279,466
Frame 90: 1 detections
207, 890,156,280,463
Frame 91: 1 detections
207, 890,156,279,463
Frame 92: 1 detections
207, 886,155,285,467
Frame 93: 1 detections
207, 893,156,276,466
Frame 94: 1 detections
207, 893,156,277,466
Frame 95: 2 detections
207, 886,156,283,469
191, 834,158,334,471
Frame 96: 0 detections
Frame 97: 0 detections
Frame 98: 0 detections
Frame 99: 1 detections
207, 873,155,294,475
Frame 100: 1 detections
207, 868,155,300,476
Frame 101: 1 detections
207, 881,156,284,472
Frame 102: 1 detections
207, 873,156,292,472
Frame 103: 1 detections
207, 863,156,303,473
Frame 104: 1 detections
207, 859,155,308,473
Frame 105: 1 detections
207, 885,158,279,460
Frame 106: 1 detections
207, 888,158,277,459
Frame 107: 1 detections
207, 892,158,273,459
Frame 108: 1 detections
207, 885,156,284,467
Frame 109: 1 detections
207, 883,156,287,467
Frame 110: 1 detections
207, 879,156,292,467
Frame 111: 1 detections
207, 857,153,317,476
Frame 112: 1 detections
207, 855,153,319,476
Frame 113: 0 detections
Frame 114: 2 detections
241, 359,141,219,450
207, 877,156,296,470
Frame 115: 1 detections
241, 359,142,219,449
Frame 116: 0 detections
Frame 117: 1 detections
207, 895,162,268,454
Frame 118: 1 detections
207, 895,162,267,455
Frame 119: 1 detections
207, 890,159,273,461
Frame 120: 0 detections
Frame 121: 0 detections
Frame 122: 1 detections
191, 861,168,302,458
Frame 123: 1 detections
233, 140,329,193,277
Frame 124: 1 detections
233, 140,329,193,277
Frame 125: 1 detections
233, 140,329,193,277
Frame 126: 1 detections
233, 140,329,193,277
Frame 127: 1 detections
233, 140,329,193,277
Frame 128: 1 detections
233, 140,329,193,277
Frame 129: 1 detections
233, 140,329,193,277
Frame 130: 1 detections
233, 140,329,193,277
Frame 131: 1 detections
233, 140,329,193,277
Frame 132: 0 detections
Frame 133: 0 detections
Frame 134: 1 detections
233, 140,329,193,277
Frame 135: 1 detections
207, 896,154,268,469
Frame 136: 1 detections
207, 896,154,268,468
Frame 137: 2 detections
207, 903,156,261,462
233, 140,329,193,277
Frame 138: 3 detections
207, 900,152,264,463
207, 882,0,398,605
233, 140,329,193,277
Frame 139: 3 detections
207, 900,152,264,462
233, 140,329,193,277
207, 882,0,398,603
Frame 140: 4 detections
233, 140,329,194,276
207, 892,150,274,472
207, 884,0,396,603
191, 863,154,299,462
Frame 141: 2 detections
191, 798,153,366,478
233, 140,329,193,277
Frame 142: 2 detections
191, 798,153,366,478
233, 140,329,193,277
Frame 143: 2 detections
233, 140,329,194,276
191, 786,152,380,480
Frame 144: 3 detections
207, 840,147,330,487
233, 140,329,193,276
191, 811,154,353,478
Frame 145: 3 detections
207, 838,147,333,488
233, 140,329,193,276
191, 810,154,354,478
Frame 146: 4 detections
191, 802,153,362,480
207, 829,146,343,490
233, 140,329,193,276
207, 910,0,370,646
Frame 147: 3 detections
207, 891,153,276,471
233, 140,329,194,277
207, 902,0,378,646
Frame 148: 3 detections
207, 889,153,279,473
233, 140,329,194,277
207, 902,0,378,647
Frame 149: 1 detections
233, 140,329,193,276
Frame 150: 1 detections
233, 140,329,193,276
Frame 151: 1 detections
233, 140,329,193,276
Frame 152: 1 detections
233, 140,329,193,277
Frame 153: 2 detections
233, 140,329,193,277
207, 847,147,320,483
Frame 154: 2 detections
233, 140,329,193,277
207, 845,147,323,484
Frame 155: 1 detections
233, 140,329,193,277
Frame 156: 1 detections
233, 140,329,193,277
Frame 157: 1 detections
233, 140,329,193,277
Frame 158: 1 detections
233, 140,329,193,277
Frame 159: 1 detections
233, 140,329,193,278
Frame 160: 1 detections
233, 140,329,193,278
Frame 161: 1 detections
233, 140,329,193,278
Frame 162: 1 detections
233, 140,329,193,277
Frame 163: 1 detections
233, 140,329,193,277
Frame 164: 1 detections
233, 140,329,193,278
Frame 165: 1 detections
233, 140,329,193,277
Frame 166: 1 detections
233, 140,329,193,277
Frame 167: 0 detections
Frame 168: 1 detections
233, 140,329,193,277
Frame 169: 0 detections
Frame 170: 0 detections
Frame 171: 0 detections
Frame 172: 0 detections
Frame 173: 0 detections
Frame 174: 0 detections
Frame 175: 0 detections
Frame 176: 0 detections
Frame 177: 0 detections
Frame 178: 0 detections
Frame 179: 0 detections
Frame 180: 0 detections
Frame 181: 0 detections
Frame 182: 0 detections
Frame 183: 0 detections
Frame 184: 0 detections
Frame 185: 0 detections
Frame 186: 0 detections
Frame 187: 0 detections
Frame 188: 0 detections
Frame 189: 2 detections
207, 877,158,312,471
207, 930,0,349,631
Frame 190: 2 detections
207, 885,160,303,469
207, 931,0,348,631
Frame 191: 3 detections
207, 881,163,305,467
207, 875,0,404,595
191, 841,164,346,464
Frame 192: 0 detections
Frame 193: 0 detections
Frame 194: 0 detections
Frame 195: 1 detections
207, 849,163,329,468
Frame 196: 1 detections
207, 854,163,324,467
Frame 197: 1 detections
207, 832,162,346,467
Frame 198: 2 detections
207, 894,166,278,463
207, 879,0,400,589
Frame 199: 2 detections
207, 891,165,282,465
207, 878,0,401,590
Frame 200: 2 detections
207, 905,166,268,458
207, 918,0,362,620
Frame 201: 1 detections
207, 904,165,264,451
Frame 202: 1 detections
207, 904,165,264,451
Frame 203: 2 detections
207, 901,170,271,436
191, 899,166,265,445
Frame 204: 3 detections
207, 899,164,279,446
207, 917,0,363,626
233, 140,329,193,275
Frame 205: 2 detections
207, 899,164,280,447
207, 918,0,362,628
Frame 206: 2 detections
207, 897,163,280,454
207, 877,0,403,596
Frame 207: 3 detections
207, 897,163,280,455
207, 879,0,400,595
233, 139,329,194,275
Frame 208: 2 detections
207, 897,163,279,455
207, 878,0,401,595
Frame 209: 3 detections
207, 893,162,283,461
207, 881,0,398,595
233, 139,329,194,275
Frame 210: 3 detections
207, 896,159,284,455
207, 881,0,398,603
233, 140,329,193,275
Frame 211: 2 detections
207, 896,159,283,456
207, 881,0,398,601
Frame 212: 2 detections
207, 895,160,277,450
207, 876,0,403,599
Frame 213: 3 detections
207, 832,163,337,462
207, 913,0,367,636
233, 140,329,193,275
Frame 214: 3 detections
207, 839,163,330,462
207, 910,0,370,633
233, 140,329,193,275
Frame 215: 3 detections
207, 888,164,287,446
207, 922,0,358,647
233, 140,329,193,275
Frame 216: 2 detections
207, 869,0,411,616
233, 140,329,193,275
Frame 217: 2 detections
207, 870,0,410,616
233, 140,329,193,275
Frame 218: 2 detections
207, 866,0,414,619
233, 140,329,193,275
Frame 219: 1 detections
233, 140,329,193,275
Frame 220: 1 detections
233, 140,329,193,275
Frame 221: 2 detections
207, 864,154,316,473
233, 140,329,193,275
Frame 222: 3 detections
207, 867,149,307,481
207, 886,0,393,607
233, 140,329,193,275
Frame 223: 3 detections
207, 860,147,314,484
207, 884,0,396,608
233, 140,329,193,275
Frame 224: 3 detections
207, 837,148,351,485
207, 923,0,356,647
233, 139,329,194,275
Frame 225: 3 detections
207, 900,149,277,472
207, 938,0,342,633
233, 139,329,194,275
Frame 226: 3 detections
207, 900,148,278,473
207, 934,0,346,633
233, 140,329,193,275
Frame 227: 3 detections
207, 902,150,274,473
207, 942,0,337,638
233, 139,329,194,275
Frame 228: 3 detections
207, 905,152,273,467
207, 938,0,341,628
233, 140,329,193,275
Frame 229: 3 detections
207, 904,151,275,470
207, 933,0,346,629
233, 140,329,193,275
Frame 230: 3 detections
207, 904,152,281,467
207, 942,0,337,640
233, 139,329,194,276
Frame 231: 3 detections
207, 897,149,287,476
207, 921,0,358,630
233, 139,329,194,276
Frame 232: 3 detections
207, 896,148,289,477
207, 920,0,359,629
233, 139,329,194,276
Frame 233: 3 detections
207, 895,149,290,476
207, 914,0,365,629
233, 139,329,194,276
Frame 234: 3 detections
207, 900,150,277,477
207, 923,0,356,634
233, 139,329,194,276
Frame 235: 3 detections
207, 899,150,278,476
207, 925,0,354,634
233, 139,329,194,276
Frame 236: 3 detections
207, 918,153,254,471
207, 963,0,316,676
233, 139,329,194,276
Frame 237: 3 detections
207, 903,148,274,475
207, 898,0,381,632
233, 139,329,194,276
Frame 238: 3 detections
207, 900,148,277,476
207, 894,0,385,635
233, 139,329,194,276
Frame 239: 3 detections
207, 902,148,274,476
207, 900,0,379,631
233, 139,329,194,276
Frame 240: 3 detections
207, 885,145,296,482
207, 910,0,369,639
233, 139,329,194,276
Frame 241: 3 detections
207, 885,145,296,482
207, 911,0,368,640
233, 139,329,194,276
Frame 242: 3 detections
207, 881,147,302,481
207, 919,0,360,648
233, 139,329,194,276
Frame 243: 3 detections
207, 797,131,404,505
207, 912,0,367,639
233, 139,329,194,276
Frame 244: 3 detections
207, 797,129,405,507
207, 913,0,366,639
233, 140,329,193,276
Frame 245: 2 detections
207, 914,0,365,638
233, 139,329,194,276
Frame 246: 2 detections
207, 926,0,353,640
207, 818,139,394,495
Frame 247: 2 detections
207, 927,0,352,638
207, 822,141,389,492
Frame 248: 3 detections
207, 922,0,357,639
207, 817,137,400,496
233, 140,329,193,276
Frame 249: 2 detections
207, 928,0,351,640
207, 807,130,400,505
Frame 250: 2 detections
207, 930,0,349,640
207, 805,130,403,506
Frame 251: 3 detections
207, 923,0,356,639
207, 796,127,421,510
233, 139,329,194,276
Frame 252: 3 detections
207, 807,139,395,495
207, 918,0,361,643
233, 139,329,194,276
Frame 253: 3 detections
207, 802,136,409,499
207, 919,0,360,645
233, 139,329,194,276
Frame 254: 3 detections
207, 921,0,358,637
233, 139,329,194,276
207, 779,118,443,522
Frame 255: 2 detections
207, 923,0,356,635
233, 139,329,194,276
Frame 256: 2 detections
207, 923,0,356,641
233, 139,329,194,276
Frame 257: 2 detections
207, 926,0,353,638
233, 139,329,194,276
Frame 258: 3 detections
207, 866,145,325,481
207, 929,0,350,642
233, 139,329,194,276
Frame 259: 3 detections
207, 877,146,309,479
207, 927,0,352,644
233, 139,329,194,276
Frame 260: 3 detections
207, 864,145,326,483
207, 919,0,360,650
233, 139,329,194,275
Frame 261: 3 detections
207, 853,143,338,485
207, 920,0,359,644
233, 139,329,194,275
Frame 262: 3 detections
207, 857,144,331,484
207, 922,0,357,643
233, 139,329,194,275
Frame 263: 3 detections
207, 853,142,340,487
207, 923,0,356,652
233, 139,329,194,275
Frame 264: 3 detections
207, 845,141,344,489
207, 931,0,348,648
233, 140,329,193,275
Frame 265: 3 detections
207, 848,142,341,488
207, 931,0,348,649
233, 140,329,193,275
Frame 266: 3 detections
207, 848,143,340,486
207, 931,0,348,647
233, 140,329,193,275
Frame 267: 3 detections
207, 847,143,341,485
207, 936,0,343,652
233, 140,329,193,275
Frame 268: 3 detections
207, 846,142,343,487
207, 937,0,342,652
233, 140,329,193,275
Frame 269: 3 detections
207, 854,143,333,484
207, 939,0,340,651
233, 140,329,193,275
Frame 270: 3 detections
207, 854,143,332,483
207, 937,0,342,649
233, 139,329,194,275
Frame 271: 3 detections
207, 850,144,337,483
207, 936,0,343,650
233, 139,329,194,275
Frame 272: 3 detections
207, 851,143,338,484
207, 933,0,346,651
233, 140,329,193,275
Frame 273: 3 detections
207, 850,144,334,483
207, 929,0,350,647
233, 139,329,194,275
Frame 274: 3 detections
207, 852,144,332,482
207, 928,0,351,647
233, 139,329,194,275
Frame 275: 3 detections
207, 844,144,344,482
207, 926,0,353,650
233, 140,329,193,275
Frame 276: 3 detections
207, 845,147,341,478
207, 924,0,355,646
233, 139,329,194,276
Frame 277: 4 detections
207, 843,146,343,480
207, 924,0,355,648
233, 139,329,194,276
207, 755,68,426,561
Frame 278: 3 detections
207, 896,152,284,463
207, 952,0,328,678
233, 139,329,194,276
Frame 279: 4 detections
207, 898,153,276,459
207, 686,40,479,581
207, 924,0,356,687
233, 139,329,194,276
Frame 280: 4 detections
207, 898,153,276,459
207, 736,42,429,578
207, 922,0,358,687
233, 139,329,194,276
Frame 281: 1 detections
233, 139,329,194,276
Frame 282: 1 detections
233, 139,329,194,276
Frame 283: 1 detections
233, 139,329,194,276
Frame 284: 2 detections
207, 852,156,328,474
233, 139,329,194,276
Frame 285: 2 detections
233, 139,329,194,276
207, 762,132,417,493
Frame 286: 1 detections
233, 139,329,194,276
Frame 287: 3 detections
207, 873,158,294,463
207, 643,16,521,608
233, 139,329,194,276
Frame 288: 1 detections
233, 139,329,194,276
Frame 289: 2 detections
207, 818,145,365,481
233, 139,329,194,276
Frame 290: 0 detections
Frame 291: 1 detections
207, 893,156,285,467
Frame 292: 1 detections
207, 889,155,288,468
Frame 293: 2 detections
207, 881,157,290,469
233, 139,329,194,277
Frame 294: 2 detections
207, 906,162,262,457
233, 139,329,194,277
Frame 295: 2 detections
207, 906,162,261,457
233, 139,329,194,277
Frame 296: 2 detections
207, 905,163,264,459
233, 139,329,194,278
Frame 297: 2 detections
207, 909,164,267,450
233, 139,329,194,278
Frame 298: 2 detections
207, 908,164,267,451
233, 139,329,194,278
Frame 299: 2 detections
207, 910,162,258,442
233, 139,329,194,278
Frame 300: 2 detections
207, 909,164,252,435
233, 139,329,194,278
Frame 301: 2 detections
207, 909,165,252,434
233, 139,329,194,278
Frame 302: 2 detections
207, 913,162,247,435
233, 139,329,194,278
Frame 303: 1 detections
207, 906,162,256,429
Frame 304: 1 detections
207, 907,162,255,429
Frame 305: 2 detections
207, 902,164,258,430
233, 139,329,194,278
Frame 306: 2 detections
207, 900,169,260,431
233, 139,329,194,278
Frame 307: 2 detections
207, 901,168,260,432
233, 139,329,194,278
Frame 308: 2 detections
207, 904,166,254,435
233, 139,329,194,278
Frame 309: 2 detections
207, 914,158,244,443
233, 139,329,194,279
Frame 310: 2 detections
207, 914,158,244,443
233, 139,329,194,279
Frame 311: 2 detections
207, 915,159,243,440
233, 139,329,194,279
Frame 312: 2 detections
207, 918,158,240,442
233, 139,329,194,278
Frame 313: 2 detections
207, 918,158,240,443
233, 139,329,194,278
Frame 314: 3 detections
207, 918,163,240,438
233, 139,329,194,278
207, 925,0,354,689
Frame 315: 2 detections
207, 914,162,249,443
233, 140,329,193,278
Frame 316: 2 detections
207, 914,162,247,442
233, 140,329,193,277
Frame 317: 2 detections
207, 915,164,269,444
227, 914,156,280,452
Frame 318: 1 detections
207, 924,160,249,445
Frame 319: 1 detections
207, 924,159,248,446
Frame 320: 2 detections
207, 928,159,245,447
187, 927,164,250,448
Frame 321: 1 detections
207, 932,159,251,448
Frame 322: 1 detections
207, 932,160,248,446
Frame 323: 1 detections
207, 934,159,246,448
Frame 324: 1 detections
207, 934,160,251,446
Frame 325: 1 detections
207, 934,161,244,445
Frame 326: 1 detections
207, 935,159,248,446
Frame 327: 1 detections
207, 937,162,236,446
Frame 328: 1 detections
207, 937,162,234,445
Frame 329: 2 detections
207, 937,163,225,444
187, 937,167,225,446
Frame 330: 1 detections
207, 938,162,223,444
Frame 331: 1 detections
207, 938,162,224,445
Frame 332: 1 detections
207, 938,162,223,444
Frame 333: 1 detections
207, 940,161,219,446
Frame 334: 1 detections
207, 940,162,219,445
Frame 335: 1 detections
207, 939,162,222,443
Frame 336: 1 detections
207, 939,162,220,442
Frame 337: 1 detections
207, 939,162,220,442
Frame 338: 1 detections
207, 940,161,219,443
Frame 339: 1 detections
207, 940,160,219,445
Frame 340: 1 detections
207, 940,160,219,445
Frame 341: 1 detections
207, 940,161,218,444
Frame 342: 1 detections
207, 940,162,220,443
Frame 343: 1 detections
207, 940,162,220,443
Frame 344: 1 detections
207, 940,161,221,445
Frame 345: 1 detections
207, 940,161,223,445
Frame 346: 1 detections
207, 940,161,223,444
Frame 347: 1 detections
207, 940,162,225,443
Frame 348: 1 detections
207, 940,162,225,444
Frame 349: 1 detections
207, 940,161,224,445
Frame 350: 1 detections
207, 940,162,225,443
Frame 351: 1 detections
207, 940,164,223,440
Frame 352: 1 detections
207, 940,164,224,440
Frame 353: 1 detections
207, 940,165,224,438
Frame 354: 1 detections
207, 937,164,225,438
Frame 355: 1 detections
207, 937,164,224,438
Frame 356: 1 detections
207, 936,166,224,437
Frame 357: 1 detections
207, 935,167,224,435
Frame 358: 1 detections
207, 935,167,224,435
Frame 359: 1 detections
207, 937,164,223,438
Frame 360: 1 detections
207, 943,163,216,437
Frame 361: 1 detections
207, 943,163,216,437
Frame 362: 1 detections
207, 952,162,207,437
Frame 363: 1 detections
207, 953,153,207,447
Frame 364: 1 detections
207, 953,151,207,449
Frame 365: 2 detections
207, 952,140,209,461
233, 140,329,193,277
Frame 366: 2 detections
207, 949,83,217,524
233, 140,329,193,277
Frame 367: 2 detections
207, 949,88,217,518
233, 140,329,193,277
Frame 368: 3 detections
207, 747,42,429,571
207, 932,56,238,550
233, 140,329,193,277
Frame 369: 1 detections
233, 140,329,193,277
Frame 370: 2 detections
207, 940,67,230,541
233, 140,329,193,277
Frame 371: 1 detections
207, 944,83,226,525
Frame 372: 2 detections
207, 935,71,236,535
187, 748,41,417,571
Frame 373: 2 detections
207, 934,69,238,537
187, 747,40,419,572
Frame 374: 1 detections
187, 719,36,450,577
Frame 375: 1 detections
187, 727,35,440,577
Frame 376: 1 detections
187, 729,36,438,576
Frame 377: 1 detections
187, 720,36,447,576
Frame 378: 0 detections
Frame 379: 0 detections
Frame 380: 0 detections
Frame 381: 1 detections
187, 727,38,448,575
Frame 382: 0 detections
Frame 383: 0 detections
Frame 384: 1 detections
207, 933,76,238,534
Frame 385: 1 detections
207, 934,79,236,531
Frame 386: 0 detections
Frame 387: 0 detections
Frame 388: 0 detections
Frame 389: 0 detections
Frame 390: 0 detections
Frame 391: 0 detections
Frame 392: 1 detections
187, 735,37,433,577
Frame 393: 1 detections
187, 733,36,435,578
Frame 394: 1 detections
187, 734,37,435,576
Frame 395: 1 detections
187, 735,36,434,578
Frame 396: 0 detections
Frame 397: 0 detections
Frame 398: 0 detections
Frame 399: 0 detections
Frame 400: 0 detections
Frame 401: 0 detections
Frame 402: 1 detections
187, 736,35,426,579
Frame 403: 1 detections
187, 741,35,420,579
Frame 404: 0 detections
Frame 405: 2 detections
207, 948,75,218,534
187, 914,60,249,554
Frame 406: 2 detections
207, 948,75,218,534
187, 912,60,252,553
Frame 407: 2 detections
207, 949,86,215,522
187, 928,69,234,543
Frame 408: 2 detections
207, 954,117,208,493
187, 954,117,207,499
Frame 409: 2 detections
207, 954,118,208,492
187, 954,118,208,498
Frame 410: 2 detections
207, 953,97,211,513
187, 953,97,208,515
Frame 411: 1 detections
207, 952,98,210,513
Frame 412: 1 detections
207, 954,79,207,532
Frame 413: 1 detections
207, 954,93,207,517
Frame 414: 2 detections
207, 952,130,209,477
187, 954,120,213,489
Frame 415: 2 detections
207, 952,132,209,474
187, 954,121,212,487
Frame 416: 2 detections
207, 952,135,208,469
187, 952,132,209,478
Frame 417: 1 detections
207, 952,131,208,473
Frame 418: 1 detections
207, 951,132,209,473
Frame 419: 1 detections
207, 954,129,205,476
Frame 420: 2 detections
207, 954,135,205,469
187, 954,136,206,469
Frame 421: 2 detections
207, 954,134,204,470
187, 954,135,205,470
Frame 422: 2 detections
207, 955,132,203,472
187, 954,133,205,472
Frame 423: 2 detections
207, 955,134,203,471
187, 954,132,204,474
Frame 424: 2 detections
207, 955,134,204,471
187, 954,133,204,473
Frame 425: 2 detections
207, 955,133,204,471
187, 954,131,204,474
Frame 426: 1 detections
207, 955,127,204,477
Frame 427: 1 detections
207, 955,127,204,477
Frame 428: 1 detections
207, 955,132,204,473
Frame 429: 2 detections
207, 955,132,204,473
187, 956,132,203,474
Frame 430: 2 detections
207, 955,133,204,472
187, 956,134,203,472
Frame 431: 2 detections
207, 955,135,204,470
187, 956,136,202,469
Frame 432: 2 detections
207, 954,137,204,466
187, 956,136,202,469
Frame 433: 2 detections
207, 954,136,204,467
187, 955,134,203,471
Frame 434: 2 detections
207, 954,136,204,467
187, 953,133,205,478
Frame 435: 2 detections
207, 954,137,204,467
187, 953,134,206,478
Frame 436: 2 detections
207, 954,137,204,467
187, 953,134,206,478
Frame 437: 2 detections
207, 954,136,205,468
187, 953,133,206,479
Frame 438: 2 detections
207, 953,132,206,472
187, 952,127,208,485
Frame 439: 2 detections
207, 953,133,206,471
187, 952,129,208,484
Frame 440: 1 detections
207, 953,133,207,471
Frame 441: 1 detections
207, 954,135,210,471
Frame 442: 1 detections
207, 954,135,211,471
Frame 443: 1 detections
207, 954,134,212,472
Frame 444: 1 detections
207, 954,133,211,475
Frame 445: 1 detections
207, 954,132,213,477
Frame 446: 1 detections
207, 956,127,205,482
Frame 447: 1 detections
207, 955,129,207,480
Frame 448: 1 detections
207, 955,128,208,481
Frame 449: 1 detections
207, 956,122,205,487
Frame 450: 1 detections
207, 956,134,205,476
Frame 451: 1 detections
207, 956,134,205,476
Frame 452: 1 detections
207, 954,122,216,489
Frame 453: 1 detections
207, 754,35,411,580
Frame 454: 1 detections
207, 753,35,412,580
Frame 455: 2 detections
187, 663,32,501,585
207, 750,34,416,580
Frame 456: 1 detections
187, 681,36,485,582
Frame 457: 1 detections
187, 682,36,484,582
Frame 458: 1 detections
187, 652,28,513,589
Frame 459: 1 detections
187, 638,21,530,598
Frame 460: 1 detections
187, 636,21,532,598
Frame 461: 1 detections
187, 665,28,503,590
Frame 462: 2 detections
187, 666,30,499,587
207, 734,32,432,583
Frame 463: 2 detections
187, 666,30,499,587
207, 734,32,432,582
Frame 464: 2 detections
187, 676,30,488,587
207, 740,32,425,582
Frame 465: 2 detections
207, 755,34,408,579
187, 664,33,499,583
Frame 466: 2 detections
207, 753,34,410,580
187, 666,32,497,585
Frame 467: 2 detections
207, 934,108,227,502
207, 777,27,384,588
Frame 468: 1 detections
207, 955,122,204,488
Frame 469: 1 detections
207, 955,121,204,489
Frame 470: 1 detections
207, 957,132,201,477
Frame 471: 2 detections
207, 955,139,203,471
187, 955,142,202,467
Frame 472: 2 detections
207, 955,140,203,470
187, 955,143,201,466
Frame 473: 2 detections
207, 952,139,206,471
187, 951,137,208,479
Frame 474: 1 detections
207, 948,147,214,460
Frame 475: 1 detections
207, 948,147,213,460
Frame 476: 3 detections
207, 945,150,214,456
187, 945,149,216,462
227, 946,145,212,461
Frame 477: 3 detections
187, 942,153,219,461
207, 942,152,218,457
227, 943,146,216,462
Frame 478: 3 detections
187, 942,153,218,462
207, 942,152,217,457
227, 943,146,215,462
Frame 479: 1 detections
187, 942,159,220,457
Frame 480: 1 detections
187, 944,162,218,456
Frame 481: 1 detections
187, 944,161,218,457
Frame 482: 1 detections
187, 945,163,220,455
Frame 483: 1 detections
187, 947,164,214,453
Frame 484: 2 detections
187, 947,163,214,453
207, 947,161,212,450
Frame 485: 2 detections
187, 942,166,223,450
207, 941,162,225,448
Frame 486: 2 detections
187, 942,164,222,452
207, 942,161,223,450
Frame 487: 2 detections
187, 942,164,224,452
207, 942,160,224,451
Frame 488: 2 detections
207, 946,161,217,450
187, 946,165,216,451
Frame 489: 2 detections
187, 951,163,214,455
207, 951,160,215,453
Frame 490: 2 detections
207, 951,160,214,452
187, 951,163,214,455
Frame 491: 2 detections
187, 952,162,210,455
207, 952,159,211,453
Frame 492: 2 detections
187, 951,164,210,454
207, 952,161,206,450
Frame 493: 2 detections
187, 951,164,210,454
207, 952,161,207,450
Frame 494: 2 detections
187, 951,164,209,454
207, 951,162,207,449
Frame 495: 2 detections
207, 951,161,207,449
187, 950,164,210,453
Frame 496: 2 detections
187, 950,164,211,453
207, 951,161,208,449
Frame 497: 2 detections
187, 950,163,214,454
207, 950,160,212,450
Frame 498: 2 detections
207, 947,160,219,451
187, 947,163,219,454
Frame 499: 2 detections
207, 947,160,219,451
187, 947,163,219,455
Frame 500: 1 detections
207, 943,164,221,447
Frame 501: 1 detections
207, 944,163,223,448
Frame 502: 1 detections
207, 944,163,222,448
Frame 503: 2 detections
187, 945,166,219,451
207, 945,163,222,448
Frame 504: 2 detections
187, 943,167,220,451
207, 943,164,221,448
Frame 505: 2 detections
187, 943,167,219,451
207, 943,164,220,447
Frame 506: 2 detections
187, 942,166,220,452
207, 942,163,222,449
Frame 507: 2 detections
187, 942,167,217,448
207, 942,164,217,445
Frame 508: 2 detections
187, 942,168,217,446
207, 942,165,217,443
Frame 509: 2 detections
187, 942,169,218,446
207, 942,166,218,443
Frame 510: 2 detections
207, 942,165,221,444
187, 942,168,220,446
Frame 511: 2 detections
207, 942,165,220,443
187, 942,168,219,446
Frame 512: 1 detections
207, 942,166,230,444
Frame 513: 2 detections
207, 943,166,225,446
187, 944,170,223,447
Frame 514: 2 detections
207, 943,167,225,445
187, 944,170,224,447
Frame 515: 2 detections
207, 943,170,222,440
187, 943,172,221,443
Frame 516: 2 detections
207, 945,172,213,437
187, 945,174,215,440
Frame 517: 2 detections
207, 945,173,213,436
187, 945,175,215,439
Frame 518: 2 detections
207, 945,175,215,430
187, 946,174,214,441
Frame 519: 1 detections
207, 945,159,218,449
Frame 520: 1 detections
207, 945,158,218,451
Frame 521: 2 detections
207, 945,160,218,447
187, 945,156,215,460
Frame 522: 2 detections
207, 947,162,212,449
187, 947,164,213,452
Frame 523: 2 detections
207, 947,162,212,449
187, 947,164,213,452
Frame 524: 1 detections
207, 946,137,218,474
Frame 525: 2 detections
187, 948,172,220,440
207, 948,161,218,453
Frame 526: 2 detections
187, 948,171,221,441
207, 948,161,218,452
Frame 527: 2 detections
187, 850,44,312,571
207, 948,157,218,453
Frame 528: 1 detections
187, 726,36,440,580
Frame 529: 1 detections
187, 727,36,440,580
Frame 530: 1 detections
187, 725,35,439,581
Frame 531: 2 detections
187, 766,38,396,578
207, 947,157,220,454
Frame 532: 2 detections
187, 760,37,402,579
207, 947,155,221,457
Frame 533: 1 detections
187, 821,41,339,574
Frame 534: 2 detections
187, 794,38,367,577
207, 947,153,218,457
Frame 535: 2 detections
187, 797,38,364,577
207, 946,151,220,459
Frame 536: 1 detections
187, 816,37,346,578
Frame 537: 2 detections
187, 911,51,249,564
207, 948,162,215,448
Frame 538: 2 detections
187, 911,51,250,563
207, 948,159,216,451
Frame 539: 3 detections
187, 913,50,246,564
207, 949,139,211,472
234, 948,150,212,467
Frame 540: 3 detections
187, 911,51,249,562
234, 948,153,212,464
207, 948,158,216,450
Frame 541: 2 detections
234, 948,154,212,464
187, 923,55,238,560
Frame 542: 2 detections
187, 930,58,232,557
234, 948,153,212,465
Frame 543: 2 detections
234, 948,158,212,460
187, 939,71,223,544
Frame 544: 2 detections
234, 949,160,211,458
187, 940,76,221,539
Frame 545: 2 detections
234, 949,160,211,458
187, 942,76,220,538
Frame 546: 2 detections
234, 949,161,211,456
187, 941,73,221,541
Frame 547: 2 detections
234, 949,161,211,457
187, 942,77,221,537
Frame 548: 2 detections
234, 949,161,211,457
187, 943,78,220,536
Frame 549: 2 detections
234, 949,159,211,459
187, 941,70,225,545
Frame 550: 2 detections
234, 949,157,211,461
187, 940,66,224,549
Frame 551: 3 detections
187, 938,65,226,550
234, 949,160,211,458
207, 949,152,214,461
Frame 552: 3 detections
187, 937,65,228,550
234, 948,157,213,462
207, 949,148,214,465
Frame 553: 2 detections
187, 926,54,236,561
234, 948,153,212,465
Frame 554: 3 detections
187, 927,57,237,558
207, 948,144,215,469
234, 947,156,214,463
Frame 555: 2 detections
187, 914,50,251,565
207, 948,134,215,479
Frame 556: 3 detections
187, 938,69,226,546
234, 948,158,212,461
207, 948,150,214,463
Frame 557: 3 detections
187, 937,62,227,552
234, 948,154,213,463
207, 949,144,214,468
Frame 558: 3 detections
187, 922,50,241,565
207, 948,157,217,451
234, 948,151,213,467
Frame 559: 2 detections
187, 923,49,240,564
234, 948,150,213,466
Frame 560: 2 detections
187, 921,50,241,563
234, 948,150,212,466
Frame 561: 0 detections
Frame 562: 2 detections
187, 928,55,239,559
207, 949,140,213,472
Frame 563: 2 detections
187, 936,62,230,552
207, 950,147,212,465
Frame 564: 2 detections
207, 948,155,221,456
187, 886,44,291,570
Frame 565: 1 detections
207, 947,170,220,434
Frame 566: 2 detections
207, 948,163,216,440
187, 922,67,255,543
Frame 567: 2 detections
207, 949,153,211,452
187, 949,158,211,453
Frame 568: 1 detections
207, 943,155,214,447
Frame 569: 2 detections
207, 928,155,230,446
187, 928,159,231,446
Frame 570: 1 detections
207, 924,153,233,445
Frame 571: 1 detections
207, 915,149,244,451
Frame 572: 1 detections
207, 911,152,248,447
Frame 573: 1 detections
207, 904,152,255,450
Frame 574: 2 detections
187, 901,152,258,450
207, 899,153,266,445
Frame 575: 1 detections
187, 897,153,262,450
Frame 576: 2 detections
187, 898,153,261,449
207, 895,155,265,451
Frame 577: 2 detections
187, 897,153,262,446
207, 894,155,266,447
Frame 578: 2 detections
187, 897,152,262,445
207, 895,154,265,446
Frame 579: 2 detections
187, 898,150,262,448
207, 900,155,267,437
Frame 580: 3 detections
187, 895,148,266,456
207, 893,150,268,455
207, 886,0,394,601
Frame 581: 3 detections
187, 882,146,278,460
207, 885,143,277,463
207, 881,0,398,604
Frame 582: 2 detections
187, 891,147,268,455
207, 890,151,276,445
Frame 583: 2 detections
187, 884,148,276,453
207, 878,153,289,441
Frame 584: 1 detections
187, 887,148,272,452
Frame 585: 1 detections
187, 878,150,281,454
Frame 586: 2 detections
187, 883,151,275,450
234, 874,154,284,451
Frame 587: 2 detections
187, 888,152,271,449
207, 887,157,277,438
Frame 588: 2 detections
187, 886,152,273,452
207, 885,157,279,441
Frame 589: 2 detections
187, 886,152,273,453
207, 885,157,279,442
Frame 590: 3 detections
187, 887,154,272,453
234, 881,156,279,454
207, 884,158,279,442
Frame 591: 2 detections
187, 885,153,274,455
234, 879,155,281,456
Frame 592: 2 detections
187, 891,153,268,453
207, 890,158,271,443
Frame 593: 2 detections
187, 886,151,273,454
207, 884,157,277,443
Frame 594: 2 detections
187, 890,151,269,455
207, 889,157,272,444
Frame 595: 2 detections
187, 888,150,271,456
207, 886,156,275,445
Frame 596: 3 detections
187, 891,152,268,452
207, 890,158,270,442
227, 886,149,274,455
Frame 597: 3 detections
187, 891,153,268,451
207, 891,159,270,443
227, 886,149,274,455
Frame 598: 3 detections
187, 891,155,269,450
207, 891,160,270,442
227, 886,150,274,455
Frame 599: 3 detections
187, 890,155,269,450
207, 889,161,272,441
227, 885,151,275,454
Frame 600: 3 detections
187, 891,155,269,451
207, 892,161,270,443
227, 887,150,273,456
Frame 601: 3 detections
187, 892,155,268,453
207, 892,161,270,444
227, 887,149,273,458
Frame 602: 3 detections
187, 892,155,267,453
207, 893,161,269,444
227, 888,150,272,457
Frame 603: 2 detections
187, 893,155,267,452
207, 894,160,269,445
Frame 604: 2 detections
187, 893,155,267,453
207, 894,160,269,446
Frame 605: 2 detections
187, 893,155,267,455
207, 893,161,270,446
Frame 606: 2 detections
187, 894,155,266,456
207, 895,160,268,448
Frame 607: 2 detections
187, 893,155,267,458
207, 893,160,270,449
Frame 608: 2 detections
187, 893,155,267,459
207, 893,160,271,450
Frame 609: 2 detections
187, 893,155,268,459
207, 893,160,271,451
Frame 610: 2 detections
187, 893,156,268,457
207, 894,161,270,449
Frame 611: 2 detections
187, 893,155,268,457
207, 895,160,269,450
Frame 612: 2 detections
187, 893,154,268,458
207, 895,159,269,451
Frame 613: 2 detections
187, 893,154,268,458
207, 895,159,269,451
Frame 614: 2 detections
187, 893,154,268,458
207, 894,159,270,450
Frame 615: 2 detections
187, 893,153,268,459
207, 895,158,269,451
Frame 616: 2 detections
187, 893,153,268,459
207, 895,159,269,451
Frame 617: 2 detections
187, 889,155,272,455
207, 889,160,275,447
Frame 618: 2 detections
187, 889,155,271,455
207, 889,160,275,447
Frame 619: 2 detections
187, 884,153,277,458
207, 883,159,282,448
Frame 620: 1 detections
187, 886,154,274,456
Frame 621: 1 detections
187, 882,152,278,458
Frame 622: 1 detections
187, 885,152,274,457
Frame 623: 2 detections
187, 882,151,277,458
234, 875,155,284,456
Frame 624: 1 detections
187, 884,153,276,456
Frame 625: 1 detections
187, 884,153,276,457
Frame 626: 1 detections
187, 886,153,275,455
