0 0.0574756 0.642158 0.083928 0.199036
0 0.142182 0.647349 0.0740088 0.190329
0 0.450662 0.441923 0.065381 0.0836249
0 0.450597 0.33215 0.0660467 0.0891614
0 0.810528 0.23906 0.0690222 0.0901919
0 0.671084 0.571654 0.0665363 0.0869845
0 0.816589 0.619382 0.0685698 0.08759
0 0.668881 0.499206 0.0639303 0.0639022
0 0.538245 0.576339 0.0662181 0.088161
0 0.449728 0.545975 0.0674044 0.0819846
0 0.530296 0.72076 0.0703384 0.0901691
0 0.809126 0.818371 0.0695673 0.0819227
0 0.812586 0.716494 0.0666412 0.079913
0 0.351045 0.689631 0.0534945 0.113018
