0 0.698836 0.452839 0.0598408 0.0707295
0 0.486053 0.631722 0.0611166 0.0774961
0 0.348304 0.803581 0.0645576 0.076378
0 0.597561 0.491268 0.0624729 0.0820502
0 0.316107 0.318644 0.0634224 0.0742503
0 0.442692 0.443775 0.0617529 0.0802315
0 0.704395 0.55056 0.0586363 0.0772288
0 0.690135 0.169045 0.0652069 0.0786572
0 0.686261 0.376253 0.0529194 0.077439
0 0.688149 0.665325 0.0818089 0.116947
0 0.582992 0.375445 0.0615212 0.0770556
0 0.69881 0.295587 0.0604809 0.0680509
0 0.585752 0.490591 0.0884272 0.0862896
0 0.659281 0.547509 0.0347488 0.0799547
0 0.689118 0.457955 0.0812969 0.0769928
0 0.658806 0.460686 0.0272893 0.0759466
