0 0.544132 0.301534 0.0664062 0.0865143
0 0.433798 0.426383 0.0606929 0.0738824
0 0.322103 0.4311 0.0592106 0.0696374
0 0.608983 0.477149 0.0625534 0.0814904
0 0.331532 0.64665 0.0631125 0.0778107
0 0.309985 0.519385 0.0569121 0.070311
0 0.749258 0.349905 0.0638393 0.0779287
0 0.326212 0.339637 0.0616349 0.0669985
0 0.748107 0.408941 0.0587147 0.0608175
0 0.338293 0.560805 0.0539089 0.0777551
0 0.34938 0.517355 0.0247938 0.0712134
0 0.440208 0.512297 0.054598 0.0347551
0 0.340533 0.573192 0.0546111 0.0512261
