0 0.623581 0.45903 0.058857 0.0764695
0 0.452728 0.435357 0.0694575 0.0805395
0 0.364512 0.36029 0.0592573 0.0747218
0 0.348964 0.81886 0.0649506 0.0788049
0 0.711329 0.282674 0.0598629 0.0726414
0 0.709392 0.359545 0.0597279 0.06722
0 0.364017 0.453418 0.059777 0.0736794
0 0.665082 0.348549 0.0298401 0.0715403
0 0.720394 0.446068 0.0567557 0.0739283
0 0.475002 0.475388 0.0545638 0.0664919
0 0.47791 0.486306 0.0516307 0.0563199
0 0.477912 0.482218 0.0535442 0.0876192
0 0.504474 0.525704 0.0543208 0.0696752
0 0.492298 0.520159 0.0565369 0.071123
0 0.483936 0.498095 0.0572895 0.0707843
