0 0.413142 0.513647 0.0606751 0.0685353
0 0.435348 0.546453 0.0570216 0.0759332
0 0.337771 0.848342 0.0589107 0.0983968
0 0.703602 0.736222 0.0607308 0.0717882
0 0.339747 0.308684 0.0591734 0.0742768
0 0.643317 0.187667 0.0609341 0.0695571
0 0.343203 0.475466 0.0601399 0.0694629
0 0.706496 0.333157 0.0580246 0.0724761
0 0.331935 0.564593 0.0571369 0.0721078
0 0.460653 0.311696 0.0550941 0.105491
0 0.345031 0.392547 0.0566652 0.0686378
0 0.670175 0.314269 0.0557705 0.0685101
0 0.563831 0.461326 0.0589286 0.0664617
0 0.370929 0.567492 0.020913 0.0761532
0 0.706855 0.422749 0.0576277 0.0685506
0 0.56493 0.569095 0.0539246 0.0210229
0 0.690012 0.588008 0.0335634 0.0657103
