0 0.102097 0.700218 0.181191 0.440206
0 0.82625 0.532128 0.0727615 0.088964
0 0.819675 0.416983 0.0764547 0.0942734
0 0.505823 0.480413 0.077058 0.0905394
0 0.358728 0.421384 0.0820307 0.11365
0 0.354894 0.890739 0.0764367 0.0937083
0 0.357393 0.668903 0.0732494 0.0877548
0 0.445275 0.652631 0.0773909 0.108935
0 0.503452 0.668343 0.0452428 0.0864239
0 0.830479 0.744848 0.0737251 0.0932904
0 0.803448 0.206557 0.07258 0.073544
0 0.831936 0.638494 0.0805534 0.0902144
0 0.83567 0.845755 0.0737011 0.0931225
0 0.561049 0.687909 0.0535555 0.13359
0 0.707555 0.574867 0.0737812 0.0902571
0 0.681618 0.423099 0.0758991 0.0854188
0 0.368109 0.545305 0.055528 0.126514
0 0.413964 0.555136 0.0380972 0.0596576
