0 0.696315 0.664602 0.0654324 0.0769787
0 0.686679 0.754842 0.0630087 0.0779477
0 0.422604 0.486827 0.0600422 0.0769626
0 0.692819 0.559981 0.0660292 0.0829483
0 0.348259 0.321921 0.0614245 0.0706646
0 0.347849 0.410241 0.0598976 0.070379
0 0.458957 0.616127 0.0626427 0.0787633
0 0.349052 0.494579 0.0607919 0.0709068
0 0.585142 0.460253 0.0624449 0.0802216
0 0.737851 0.209916 0.0610191 0.063357
0 0.300505 0.785981 0.16142 0.0824415
0 0.737481 0.0867482 0.0581669 0.0963732
0 0.346738 0.796571 0.0685749 0.0713331
