0 0.445711 0.498706 0.0648847 0.0785121
0 0.647506 0.683452 0.066227 0.077192
0 0.273139 0.384335 0.0627705 0.0806658
0 0.586421 0.382612 0.0599735 0.0765661
0 0.347 0.511684 0.0625595 0.0732584
0 0.470516 0.286506 0.0687158 0.0869681
0 0.551368 0.472167 0.0618553 0.0827215
0 0.338352 0.428525 0.0628598 0.0790963
0 0.654984 0.403865 0.0665062 0.0805013
0 0.259641 0.532492 0.0626454 0.0830193
0 0.32592 0.584112 0.0598234 0.07447
0 0.652437 0.189928 0.0683294 0.0903609
0 0.273294 0.473347 0.0622244 0.0616361
0 0.465456 0.53926 0.056415 0.0780407
0 0.331861 0.683183 0.0682454 0.084905
0 0.328007 0.30826 0.0634945 0.0851211
0 0.610598 0.587409 0.0224573 0.0758045
0 0.347958 0.807025 0.0711864 0.0943437
0 0.636788 0.588335 0.0342358 0.0739066
0 0.643685 0.588103 0.0458225 0.0728919
0 0.372202 0.308715 0.0255474 0.0801792
0 0.369209 0.596132 0.0252286 0.0740543
0 0.652741 0.496529 0.0621201 0.0793545
