0 0.528021 0.665855 0.0638794 0.0794205
0 0.295974 0.353926 0.0646009 0.0780028
0 0.547423 0.435177 0.0613712 0.0803136
0 0.447786 0.467803 0.065127 0.0800891
0 0.581038 0.478669 0.0671152 0.0797248
0 0.696193 0.346424 0.0605083 0.0689072
0 0.689143 0.47055 0.0632677 0.0743824
0 0.656882 0.167255 0.0734777 0.0747593
0 0.695153 0.686764 0.0647881 0.0767727
0 0.293863 0.455506 0.0683214 0.0812015
0 0.447112 0.41579 0.063896 0.0336661
0 0.691243 0.569419 0.0714277 0.0812853
0 0.444917 0.351077 0.0599413 0.0356867
0 0.689811 0.398511 0.0598755 0.0363171
0 0.330878 0.800107 0.0710411 0.102933
0 0.447733 0.381763 0.0594786 0.0341471
0 0.342184 0.768978 0.0945586 0.158649
0 0.681577 0.403179 0.0410071 0.0413839
0 0.44633 0.388167 0.0624092 0.0296933
