0 0.673666 0.276699 0.0598261 0.0724033
0 0.684961 0.65061 0.0602592 0.0763226
0 0.684042 0.559437 0.0612277 0.0737976
0 0.514673 0.621066 0.0693209 0.0914863
0 0.701392 0.127563 0.0665829 0.0759213
0 0.576679 0.492229 0.0599938 0.0731438
0 0.365863 0.281443 0.0657483 0.0757808
0 0.676256 0.379299 0.0574678 0.0713628
0 0.368994 0.575871 0.0599126 0.0752628
0 0.348327 0.8053 0.0697915 0.0757324
0 0.675263 0.465837 0.0687373 0.0883729
0 0.367742 0.480629 0.0616806 0.0729467
0 0.574967 0.434915 0.0583769 0.0445975
0 0.362027 0.37859 0.0594527 0.0722092
0 0.374705 0.391637 0.0614494 0.0725534
0 0.263716 0.533951 0.0516302 0.0803463
0 0.741417 0.479939 0.0239182 0.0744485
0 0.634977 0.36705 0.0246218 0.0648997
