0 0.100582 0.699608 0.178599 0.439291
0 0.422508 0.646724 0.0677574 0.0844887
0 0.764124 0.75545 0.0723316 0.0835843
0 0.407589 0.525839 0.0686343 0.0851791
0 0.764526 0.223805 0.0700292 0.0868556
0 0.415761 0.874002 0.0707518 0.0842855
0 0.76181 0.342051 0.0676342 0.0879591
0 0.508124 0.53836 0.0709024 0.0838866
0 0.68796 0.538098 0.0672249 0.0862851
0 0.764077 0.446772 0.0685511 0.0802726
0 0.653067 0.342733 0.0730061 0.108033
0 0.496504 0.461361 0.051403 0.0680092
0 0.418448 0.753903 0.0705578 0.0842777
0 0.836745 0.618119 0.0854824 0.0745192
0 0.451545 0.528624 0.0208323 0.0852289
