0 0.103731 0.728305 0.180352 0.42088
0 0.47374 0.355366 0.062137 0.0781586
0 0.709164 0.208912 0.0613153 0.0746322
0 0.329091 0.543522 0.0556206 0.0694399
0 0.593512 0.498792 0.0589674 0.0763126
0 0.333742 0.456528 0.0589061 0.0616031
0 0.700004 0.57033 0.0620071 0.0856941
0 0.450235 0.482713 0.0618036 0.0763566
0 0.338704 0.376779 0.0585118 0.0660531
0 0.329922 0.299936 0.061918 0.0725649
0 0.339169 0.635772 0.0590175 0.0704829
0 0.338566 0.71359 0.0549005 0.0696652
0 0.339963 0.856895 0.0596274 0.0786536
0 0.357381 0.530556 0.0436466 0.0748771
