0 0.638241 0.528306 0.0624266 0.0817634
0 0.635375 0.612085 0.059519 0.0719545
0 0.54029 0.475129 0.0623805 0.0975208
0 0.4485 0.474717 0.0605995 0.0733207
0 0.357317 0.267926 0.0616303 0.0750688
0 0.615969 0.897126 0.0446106 0.103538
0 0.35559 0.784687 0.0673637 0.0721356
0 0.559122 0.773917 0.0423503 0.0958228
0 0.358858 0.444371 0.0623305 0.0717385
0 0.66072 0.157474 0.0648687 0.0767473
0 0.359208 0.358982 0.0572772 0.0679839
0 0.449192 0.421712 0.0597305 0.0333945
0 0.616681 0.425811 0.0616326 0.0757104
