0 0.101225 0.696916 0.179804 0.438254
0 0.546449 0.627869 0.0787622 0.102286
0 0.760539 0.705669 0.0681494 0.0860769
0 0.650773 0.603113 0.0643408 0.0829271
0 0.764377 0.342255 0.0706646 0.0939758
0 0.763704 0.447405 0.0692493 0.0804459
0 0.766979 0.584246 0.0712215 0.0882468
0 0.630449 0.569676 0.0664646 0.0744871
0 0.574919 0.409012 0.0775204 0.0948025
0 0.767309 0.832174 0.0730427 0.0981942
0 0.419192 0.754551 0.0687641 0.085851
0 0.413907 0.642121 0.0675844 0.0961202
0 0.733423 0.199002 0.0715834 0.0599916
0 0.404705 0.865576 0.0690893 0.0801239
0 0.40149 0.525735 0.0746033 0.0843847
0 0.423227 0.498585 0.0594319 0.0765387
0 0.713062 0.705586 0.0268302 0.0854292
