0 0.0561456 0.291979 0.0945286 0.241533
0 0.055719 0.812288 0.0913151 0.219212
0 0.0548096 0.557089 0.0928391 0.236564
0 0.533062 0.347679 0.0756432 0.0807884
0 0.29099 0.312826 0.0670222 0.0811286
0 0.649707 0.684957 0.0697416 0.0903185
0 0.299057 0.469627 0.061834 0.073737
0 0.573456 0.461135 0.0640375 0.0885868
0 0.664787 0.159098 0.0697334 0.0852588
0 0.654964 0.49675 0.0715848 0.0789008
0 0.297684 0.392091 0.0614416 0.0738519
0 0.298599 0.779161 0.073941 0.0758877
0 0.435372 0.480778 0.0552017 0.0745478
0 0.765488 0.566014 0.0370477 0.0890322
