0 0.103533 0.727234 0.182159 0.453965
0 0.321358 0.368754 0.0585502 0.0729299
0 0.64875 0.180129 0.0608782 0.0737191
0 0.646689 0.288415 0.0606886 0.07485
0 0.456941 0.355894 0.0610014 0.0727341
0 0.645276 0.385369 0.0587336 0.0684099
0 0.316188 0.453208 0.0581214 0.0715096
0 0.649559 0.644751 0.0603363 0.0728763
0 0.644007 0.467944 0.0614508 0.0687201
0 0.400733 0.464271 0.0563069 0.0757916
0 0.31535 0.533715 0.0600657 0.071434
0 0.648342 0.557957 0.0603647 0.0701796
0 0.305422 0.631633 0.0622845 0.0817173
0 0.467171 0.475809 0.0203554 0.0730713
0 0.512734 0.470434 0.042554 0.0704741
0 0.356051 0.828448 0.0723793 0.0966359
0 0.649368 0.116006 0.0572573 0.0374906
0 0.443309 0.474375 0.0256571 0.0684526
0 0.367268 0.288747 0.0278079 0.0669464
0 0.563772 0.460759 0.0599082 0.0813787
0 0.346177 0.64267 0.022404 0.0747755
0 0.315932 0.257627 0.0568542 0.0724009
0 0.650656 0.700943 0.0607315 0.0413232
0 0.370352 0.620641 0.0223684 0.0743807
