0 0.10116 0.699346 0.179133 0.441644
0 0.757392 0.347367 0.0714947 0.0897083
0 0.395685 0.41938 0.0709002 0.0877103
0 0.760689 0.559016 0.0604002 0.0820653
0 0.451161 0.708595 0.0227942 0.0826046
0 0.756054 0.661734 0.0587001 0.081615
0 0.50128 0.592306 0.0672326 0.0865743
0 0.634991 0.64763 0.0837845 0.117168
0 0.762614 0.793335 0.0682625 0.0792765
0 0.375073 0.934503 0.0635691 0.0802447
0 0.386192 0.585383 0.0667883 0.0876804
0 0.375386 0.808781 0.0653937 0.0862562
0 0.370567 0.699467 0.0655031 0.0884939
0 0.760712 0.207932 0.0679478 0.0710503
0 0.76541 0.461367 0.0691207 0.083176
0 0.594382 0.906613 0.0567051 0.128072
0 0.549925 0.600274 0.0289982 0.0857502
0 0.737241 0.768103 0.0655476 0.0873857
0 0.71732 0.559158 0.0261077 0.0873016
0 0.428606 0.705654 0.0241245 0.0823322
0 0.433109 0.58539 0.0245579 0.0818705
0 0.413639 0.705118 0.0199725 0.0826806
0 0.510784 0.666636 0.0655509 0.0631707
0 0.420956 0.812313 0.0240337 0.0846595
0 0.421397 0.706346 0.0348963 0.0858524
