0 0.761217 0.663604 0.0696571 0.0850412
0 0.60288 0.71124 0.0700931 0.0887148
0 0.379492 0.908303 0.070859 0.0828247
0 0.750409 0.202715 0.0656126 0.0707338
0 0.384435 0.597918 0.0672639 0.0869053
0 0.752357 0.770071 0.0895969 0.0837036
0 0.76376 0.551736 0.0658482 0.0865513
0 0.528991 0.588628 0.0706948 0.0853449
0 0.388312 0.485471 0.0645994 0.087062
0 0.762526 0.445682 0.0671537 0.0845986
0 0.387755 0.70221 0.0659121 0.0866496
0 0.649979 0.583378 0.0686989 0.0821025
0 0.428368 0.601299 0.0234489 0.0862995
