0 0.444543 0.42191 0.0686922 0.0796731
0 0.783773 0.265654 0.0708729 0.088992
0 0.447389 0.56057 0.0681826 0.0799209
0 0.473387 0.448469 0.063926 0.0830538
0 0.775777 0.652497 0.0725981 0.0856632
0 0.620295 0.430898 0.0713793 0.0936394
0 0.660203 0.589365 0.0665707 0.089939
0 0.592618 0.57952 0.0259765 0.0816957
0 0.102018 0.689829 0.180139 0.443837
0 0.767036 0.768053 0.0693834 0.0845201
0 0.52136 0.578492 0.0650753 0.0883604
0 0.444705 0.76493 0.0677343 0.0820228
0 0.451488 0.310089 0.0674088 0.0854288
0 0.445255 0.666254 0.0697402 0.0849715
0 0.565947 0.579132 0.02665 0.0837758
0 0.44777 0.946332 0.0636541 0.0682532
0 0.765333 0.581133 0.0609041 0.0550824
0 0.747661 0.593432 0.0678136 0.0334086
0 0.745802 0.617546 0.0647012 0.0869922
