0 0.157974 0.821304 0.0939685 0.241614
0 0.157165 0.558158 0.0902415 0.241429
0 0.0564831 0.292826 0.095764 0.240285
0 0.0559105 0.821324 0.0923002 0.240095
0 0.0563116 0.55633 0.0919013 0.239336
0 0.15792 0.292003 0.0941222 0.23977
0 0.437482 0.507477 0.064064 0.0858526
0 0.688683 0.431732 0.0652462 0.0856148
0 0.589414 0.535479 0.0663843 0.0852267
0 0.356131 0.815431 0.0707639 0.0865255
0 0.681378 0.815374 0.0684461 0.0870748
0 0.678198 0.544 0.0681522 0.0823474
0 0.332791 0.328527 0.0667493 0.0818108
0 0.680781 0.643308 0.0675011 0.085219
