0 0.602642 0.70887 0.0754894 0.0959544
0 0.40102 0.325556 0.0634514 0.0939649
0 0.787458 0.783272 0.0754667 0.0975786
0 0.680907 0.565701 0.0806623 0.0944385
0 0.521045 0.541693 0.0786945 0.140351
0 0.103351 0.692123 0.174238 0.4456
0 0.793656 0.678325 0.0757956 0.0875984
0 0.404123 0.876332 0.07388 0.0882828
0 0.786601 0.562699 0.0769575 0.0891088
0 0.389314 0.55695 0.0722504 0.124454
0 0.335563 0.320476 0.0705001 0.0899398
0 0.382127 0.671486 0.0797355 0.0997062
0 0.395691 0.441408 0.0642397 0.0940181
0 0.342197 0.429224 0.0729266 0.114876
